# 3dvolreg matrices (DICOM-to-DICOM, row-by-row):
            1   1.09176e-11  -1.33489e-10  -4.07892e-10  -1.09176e-11             1  -9.75718e-11    -2.257e-09   1.33489e-10   9.75718e-11             1  -8.11927e-09
            1   8.03738e-05   0.000713216   -0.00381504  -8.17016e-05      0.999998    0.00186183    -0.0984902  -0.000713065   -0.00186189      0.999998    -0.0651168
            1  -6.23858e-05   0.000809404     0.0185548   6.17693e-05             1   0.000761598  -0.000875182  -0.000809451  -0.000761548      0.999999    -0.0991453
            1  -0.000220628   0.000526308    0.00846502   0.000220346             1   0.000537168     0.0880793  -0.000526427  -0.000537052             1    -0.0250905
            1   -2.1643e-05  -2.06154e-05    0.00188275   2.16602e-05             1   0.000831789    -0.0890537   2.05974e-05  -0.000831789             1   -0.00689978
            1    3.6646e-05  -0.000128047    0.00730718  -3.65584e-05             1   0.000684475    -0.0851913   0.000128072  -0.000684471             1    -0.0450831
            1  -0.000138259   7.67838e-05   -0.00743339   0.000138262             1  -3.69926e-05     0.0721007  -7.67787e-05   3.70032e-05             1    -0.0683029
            1  -0.000105818   7.84754e-05    -0.0187996   0.000105801             1   0.000220204    -0.0306835  -7.84987e-05  -0.000220196             1    -0.0616051
            1  -9.38894e-05  -6.81092e-05  -0.000857588   9.39064e-05             1   0.000249332     -0.114184   6.80858e-05  -0.000249338             1    -0.0786211
            1  -2.98325e-05    5.4729e-05  -0.000825097   2.98603e-05             1  -0.000506781     0.0480748  -5.47138e-05   0.000506782             1    -0.0885494
            1   0.000290237   9.93885e-05    0.00229163  -0.000290209             1  -0.000285652     -0.015979  -9.94714e-05   0.000285624             1    -0.0724923
            1   0.000464855  -7.66518e-05   -0.00681585  -0.000464841             1   0.000186192    -0.0811428   7.67384e-05  -0.000186157             1    -0.0710331
            1   0.000278445  -0.000235173   -0.00879913   -0.00027857             1  -0.000531977     0.0415305   0.000235025   0.000532042             1    -0.0829422
            1    0.00031956  -0.000380856   -0.00210075  -0.000319709             1   -0.00039146    -0.0334806   0.000380731   0.000391581             1    -0.0438357
            1   0.000355285  -0.000418687  -0.000960489  -0.000355472             1   -0.00044682    -0.0529744   0.000418528   0.000446969             1     -0.052577
            1   0.000308934  -0.000320671    0.00615169  -0.000309334      0.999999   -0.00124732     0.0612611   0.000320286    0.00124742      0.999999     -0.076063
            1   0.000339437  -0.000498556      0.004756  -0.000339914      0.999999  -0.000957301    -0.0327669   0.000498231   0.000957471      0.999999    -0.0560647
            1   0.000252002  -0.000201467   -0.00713816  -0.000252211      0.999999    -0.0010411    -0.0428214   0.000201205    0.00104115      0.999999    -0.0719648
            1  -0.000348158  -0.000260804    -0.0289515   0.000347614      0.999998   -0.00208186     0.0544596   0.000261529    0.00208177      0.999998    -0.0827143
            1   3.24069e-05   -0.00058062    -0.0241192  -3.31835e-05      0.999999    -0.0013375    -0.0482161   0.000580576    0.00133752      0.999999     -0.039897
            1    0.00035018  -0.000540919      -0.02055  -0.000350581             1   -0.00074218    -0.0337142   0.000540659   0.000742369             1    -0.0577919
            1  -5.91845e-05  -0.000216238     -0.029504   5.89612e-05      0.999999   -0.00103292     0.0741939   0.000216299    0.00103291      0.999999    -0.0754369
            1  -1.79962e-05  -0.000311723    -0.0247026   1.76973e-05             1  -0.000958924    -0.0277375    0.00031174   0.000958918      0.999999    -0.0288298
            1   0.000109972  -0.000508629    -0.0240499  -0.000110602      0.999999   -0.00123769    0.00885808   0.000508492    0.00123774      0.999999    -0.0337328
            1   1.12785e-05   -0.00046949    -0.0262439  -1.20004e-05      0.999999   -0.00153771     0.0595356   0.000469472    0.00153772      0.999999    -0.0252971
            1   0.000195363  -0.000421217    -0.0236242  -0.000195797      0.999999   -0.00103041    -0.0514937   0.000421016     0.0010305      0.999999  -0.000242156
            1  -9.83688e-06  -0.000314992    -0.0292115   9.54434e-06             1   -0.00092871    0.00870221   0.000315001   0.000928707             1    -0.0226651
            1  -4.31801e-05  -0.000632408    -0.0264668   4.23222e-05      0.999999   -0.00135654     0.0876074   0.000632466    0.00135651      0.999999    -0.0252323
            1   0.000208191  -0.000642998    -0.0238438  -0.000208886      0.999999    -0.0010807    -0.0335567   0.000642773    0.00108083      0.999999       -0.0124
            1   0.000215692  -0.000451566    -0.0243519  -0.000216238      0.999999   -0.00120944     0.0256927   0.000451304    0.00120954      0.999999     -0.029453
            1   0.000216547  -0.000640309    -0.0200032  -0.000217232      0.999999   -0.00107093     0.0508389   0.000640077    0.00107107      0.999999   -0.00639165
            1   0.000354739  -0.000888699    -0.0206287  -0.000355336             1  -0.000671635    -0.0406077    0.00088846   0.000671951      0.999999    0.00570291
            1   0.000448334  -0.000645224    -0.0150622  -0.000449215      0.999999   -0.00136563     0.0606839   0.000644611    0.00136592      0.999999    -0.0256753
            1   0.000297798  -0.000600887    -0.0162159  -0.000298655      0.999999   -0.00142646     0.0337973   0.000600461    0.00142664      0.999999    -0.0015468
            1   0.000100342  -0.000490213    -0.0180422  -0.000100909      0.999999   -0.00115716    -0.0306942   0.000490096    0.00115721      0.999999    0.00741064
            1   0.000193409  -0.000696379    -0.0207575  -0.000194631      0.999998   -0.00175601     0.0832617   0.000696038    0.00175614      0.999998    -0.0237292
     0.999999   0.000569383  -0.000898464     -0.019058  -0.000570715      0.999999   -0.00148225    0.00208488   0.000897619    0.00148277      0.999998  -0.000966881
     0.999999    0.00064515  -0.000841149    -0.0208144  -0.000646419      0.999999   -0.00150867   -0.00382633   0.000840175    0.00150921      0.999999   -0.00258786
     0.999999   0.000376841   -0.00107307     -0.020903  -0.000379278      0.999997   -0.00227154     0.0960699    0.00107221    0.00227194      0.999997   -0.00617986
     0.999999   0.000772395   -0.00124174    -0.0121642  -0.000774977      0.999998   -0.00208053    -0.0275736    0.00124013    0.00208149      0.999997     0.0275598
     0.999999   0.000870742   -0.00118766    -0.0136252  -0.000873661      0.999997   -0.00245932      0.016462    0.00118552    0.00246036      0.999996    0.00218135
     0.999999   0.000567074   -0.00101318    -0.0172863  -0.000569899      0.999996   -0.00279103     0.0652115     0.0010116     0.0027916      0.999996    0.00941373
     0.999999   0.000623224   -0.00111656    -0.0155481   -0.00062583      0.999997   -0.00233559    -0.0481709     0.0011151    0.00233628      0.999997     0.0388977
     0.999999   0.000677149   -0.00125963    -0.0185595  -0.000680807      0.999996    -0.0029062     0.0628833    0.00125765    0.00290705      0.999995     0.0156152
     0.999999   0.000460601   -0.00115651    -0.0208074  -0.000464607      0.999994   -0.00346596      0.130839     0.0011549     0.0034665      0.999993     0.0173364
     0.999999   0.000566476   -0.00104451    -0.0137546  -0.000569471      0.999996   -0.00286892    -0.0276982    0.00104288    0.00286951      0.999995     0.0474834
     0.999999   0.000652035   -0.00109919    -0.0128546  -0.000655048      0.999996   -0.00274292     -0.011012     0.0010974    0.00274364      0.999996     0.0286881
     0.999999    0.00060232  -0.000958757    -0.0223301  -0.000605417      0.999995    -0.0032335        0.1111   0.000956804    0.00323407      0.999994    -0.0100547
     0.999999   0.000570358   -0.00100327    -0.0129084  -0.000573266      0.999996   -0.00290098    0.00616915    0.00100161    0.00290155      0.999995     0.0454652
     0.999999   0.000752525   -0.00134452    -0.0211347  -0.000755626      0.999997   -0.00230733    -0.0151152    0.00134277    0.00230835      0.999996     0.0356749
     0.999999   0.000439463   -0.00114544    -0.0269157  -0.000442961      0.999995   -0.00305474      0.117441     0.0011441    0.00305524      0.999995     0.0266514
     0.999999   0.000658574   -0.00100436    -0.0209959  -0.000661435      0.999996   -0.00285098     0.0167708    0.00100248    0.00285165      0.999995     0.0668594
     0.999999   0.000867011  -0.000886272    -0.0243208  -0.000869165      0.999997   -0.00243372    -0.0358073   0.000884159    0.00243449      0.999997     0.0780226
            1   0.000551188  -0.000716755    -0.0270627  -0.000553625      0.999994   -0.00340422      0.116465   0.000714874    0.00340462      0.999994     0.0716331
            1   0.000730136  -0.000656098    -0.0351706  -0.000731981      0.999996   -0.00281719   -0.00519097   0.000654038    0.00281767      0.999996      0.107581
     0.999999   0.000890546  -0.000877448    -0.0337909  -0.000892662      0.999997   -0.00241474    -0.0610359   0.000875295    0.00241553      0.999997     0.0748444
     0.999999   0.000766045  -0.000826281    -0.0294476  -0.000768601      0.999995   -0.00309734     0.0958335   0.000823905    0.00309797      0.999995     0.0658484
     0.999999   0.000847757   -0.00112946    -0.0210018  -0.000850937      0.999996   -0.00281803     0.0671172    0.00112707    0.00281899      0.999995     0.0793922
     0.999999     0.0011783   -0.00121845   -0.00793759   -0.00118092      0.999997   -0.00215339   -0.00854438    0.00121591    0.00215482      0.999997     0.0656623
     0.999999   0.000979553  -0.000821571   -0.00957047  -0.000982012      0.999995    -0.0029972      0.106124   0.000818631      0.002998      0.999995     0.0356679
     0.999999    0.00100572  -0.000721434    -0.0162743   -0.00100799      0.999995   -0.00315444     0.0760225   0.000718258    0.00315516      0.999995     0.0621834
     0.999999    0.00097109  -0.000606925    -0.0162281  -0.000972579      0.999997    -0.0024577     -0.049765   0.000604536    0.00245829      0.999997     0.0736473
     0.999999    0.00106524  -0.000733992    -0.0187085   -0.00106728      0.999996   -0.00277772     0.0691954    0.00073103     0.0027785      0.999996     0.0407026
     0.999998     0.0014781  -0.000915117   -0.00905521    -0.0014811      0.999993   -0.00329227     0.0834008   0.000910244    0.00329362      0.999994     0.0833822
     0.999998    0.00164253  -0.000993808   -0.00113455   -0.00164544      0.999994    -0.0029287    -0.0047801   0.000988992    0.00293033      0.999995     0.0928535
     0.999999    0.00126105  -0.000833654   -0.00502251   -0.00126376      0.999994   -0.00324951     0.0916212   0.000829551    0.00325056      0.999994     0.0558368
     0.999999    0.00111589   -0.00106054   -0.00926591   -0.00111888      0.999995     -0.002817     0.0511983    0.00105739    0.00281818      0.999995     0.0718056
     0.999999    0.00126783   -0.00110664   -0.00877671   -0.00127067      0.999996   -0.00257244     0.0359628    0.00110337    0.00257384      0.999996     0.0778302
     0.999999    0.00104898  -0.000995911     -0.012094   -0.00105246      0.999993   -0.00349883      0.175237   0.000992234    0.00349987      0.999993     0.0919051
     0.999999     0.0011465   -0.00114433    -0.0160586   -0.00115012      0.999994   -0.00316834     0.0857328    0.00114069    0.00316965      0.999994      0.108713
     0.999998    0.00131995   -0.00136516    -0.0150943   -0.00132356      0.999996   -0.00264962    -0.0322548    0.00136166    0.00265142      0.999996      0.109586
     0.999998     0.0012405   -0.00129401    -0.0156843   -0.00124482      0.999994   -0.00334604      0.091298    0.00128985    0.00334765      0.999994     0.0830602
     0.999999    0.00114553   -0.00125746     -0.013167   -0.00114899      0.999996   -0.00275165     0.0662113    0.00125431    0.00275309      0.999995     0.0988723
     0.999998    0.00116747   -0.00128611    -0.0140677   -0.00117082      0.999996   -0.00260807     0.0311255    0.00128306    0.00260957      0.999996      0.102441
     0.999999   0.000992434   -0.00137168    -0.0175001  -0.000996573      0.999995   -0.00302015      0.127827    0.00136868    0.00302152      0.999994      0.104422
     0.999998      0.001143   -0.00133511    -0.0110432   -0.00114633      0.999996   -0.00249243     0.0472012    0.00133226    0.00249395      0.999996      0.131951
     0.999998    0.00130043   -0.00118566    -0.0086783   -0.00130378      0.999995   -0.00283288      0.109286    0.00118197    0.00283442      0.999995      0.111634
     0.999999    0.00125842   -0.00114739    -0.0129186   -0.00126155      0.999995   -0.00273156      0.102719    0.00114395    0.00273301      0.999996      0.130638
     0.999999    0.00122948   -0.00116718    -0.0107749   -0.00123233      0.999996   -0.00245018     0.0428444    0.00116416    0.00245161      0.999996      0.139397
     0.999999    0.00114667    -0.0011111    -0.0107958   -0.00114996      0.999995   -0.00297006      0.116481    0.00110769    0.00297133      0.999995      0.125477
     0.999999    0.00117947   -0.00109975   -0.00897972   -0.00118219      0.999996   -0.00247884     0.0306918    0.00109682    0.00248014      0.999996      0.138794
     0.999999    0.00112632  -0.000912691    -0.0113757   -0.00112864      0.999996   -0.00253949     0.0679269   0.000909827    0.00254052      0.999996      0.121171
     0.999999   0.000931548   -0.00104756   -0.00870096  -0.000934667      0.999995   -0.00298053       0.11567    0.00104478     0.0029815      0.999995      0.116323
     0.999999    0.00119612   -0.00112717    -0.0109569   -0.00119893      0.999996   -0.00248751   -0.00464885    0.00112419    0.00248886      0.999996      0.131379
     0.999998    0.00144365    -0.0012919    -0.0327031   -0.00144695      0.999996   -0.00255716     0.0772805     0.0012882    0.00255902      0.999996     0.0966411
     0.999998    0.00138421   -0.00130078    -0.0293228   -0.00138713      0.999997   -0.00224239     0.0719438    0.00129767    0.00224419      0.999997      0.110967
     0.999998    0.00138058   -0.00111317    -0.0239263   -0.00138303      0.999997   -0.00220722     0.0347217    0.00111012    0.00220876      0.999997      0.112666
     0.999998    0.00138947   -0.00112698    -0.0248392   -0.00139254      0.999995   -0.00273069      0.134898    0.00112318    0.00273226      0.999996      0.106435
     0.999998    0.00134447   -0.00119448    -0.0144994   -0.00134713      0.999997   -0.00222973     0.0232839    0.00119148    0.00223133      0.999997      0.133127
     0.999999    0.00122157   -0.00122282    0.00821677    -0.0012243      0.999997   -0.00223916     0.0416376    0.00122008    0.00224066      0.999997      0.105438
     0.999999    0.00139174  -0.000891363   -0.00140939    -0.0013941      0.999996   -0.00265024     0.0908693    0.00088767    0.00265148      0.999996     0.0898345
     0.999999    0.00118576  -0.000500088    -0.0112389   -0.00118687      0.999997   -0.00222767    0.00851081   0.000497445    0.00222826      0.999997      0.106872
            1   0.000833714  -0.000372729    -0.0189998  -0.000834759      0.999996   -0.00281259      0.132262   0.000370382     0.0028129      0.999996     0.0756695
     0.999999    0.00120211  -0.000549923  -0.000418733   -0.00120375      0.999995   -0.00298665     0.0487937    0.00054633    0.00298731      0.999995      0.111932
     0.999998    0.00157276  -0.000857265   -0.00583653   -0.00157488      0.999996   -0.00248279    -0.0334386   0.000853356    0.00248414      0.999997      0.104535
     0.999998    0.00164011  -0.000928944    -0.0246495   -0.00164301      0.999994    -0.0031248      0.103483   0.000923813    0.00312632      0.999995     0.0724289
     0.999998    0.00172331  -0.000674677    -0.0188952   -0.00172523      0.999994   -0.00285851     0.0385266   0.000669747    0.00285967      0.999996      0.113507
     0.999998    0.00191144  -0.000721841   0.000262859    -0.0019131      0.999995   -0.00231562    -0.0179349   0.000717412      0.002317      0.999997      0.099783
     0.999998    0.00173633  -0.000761787    0.00663852   -0.00173869      0.999994   -0.00310267      0.110283   0.000756395    0.00310399      0.999995     0.0593013
     0.999998    0.00168994   -0.00066554    0.00857393   -0.00169179      0.999995    -0.0027815     0.0485508   0.000660836    0.00278262      0.999996     0.0977022
     0.999998    0.00164313  -0.000719167     0.0182483   -0.00164487      0.999996   -0.00243243    0.00999135   0.000715167    0.00243361      0.999997      0.130296
     0.999999     0.0013994  -0.000420288     0.0200838   -0.00140088      0.999993   -0.00354185      0.148296   0.000415328    0.00354244      0.999994      0.114413
     0.999999    0.00137352  -0.000450075     0.0211478   -0.00137484      0.999995   -0.00294774      0.071625   0.000446023    0.00294835      0.999996      0.105406
     0.999999    0.00154025   -0.00028562     0.0309396   -0.00154092      0.999996   -0.00239176    -0.0338933   0.000281935    0.00239219      0.999997      0.110202
     0.999999    0.00157458  -0.000540583      0.029359   -0.00157638      0.999993   -0.00335528     0.0993582   0.000535296    0.00335612      0.999994     0.0513919
     0.999998    0.00187016  -0.000653569     0.0360614   -0.00187212      0.999994   -0.00300614     0.0547227   0.000647943    0.00300736      0.999995     0.0326658
     0.999998    0.00187243  -0.000712737     0.0394919   -0.00187426      0.999995   -0.00258443    -0.0188806   0.000707895    0.00258576      0.999996     0.0276004
     0.999998    0.00160685  -0.000805031     0.0365459   -0.00160951      0.999993   -0.00330625      0.107327   0.000799713    0.00330754      0.999994     0.0146854
     0.999998    0.00169299   -0.00101877     0.0355819   -0.00169587      0.999995   -0.00283026     0.0404568    0.00101397    0.00283199      0.999995     0.0426043
     0.999998    0.00182177   -0.00101399     0.0390965   -0.00182467      0.999994   -0.00286658     0.0242617    0.00100876    0.00286843      0.999995     0.0371844
     0.999998     0.0015081   -0.00095496     0.0371359   -0.00151168      0.999992   -0.00376042      0.156477   0.000949281    0.00376186      0.999992    0.00677887
     0.999998    0.00145568   -0.00117154     0.0415373    -0.0014596      0.999993   -0.00334899     0.0526754    0.00116665     0.0033507      0.999994     0.0486426
     0.999998    0.00169225   -0.00143802      0.066644   -0.00169661      0.999994   -0.00303312   -0.00181726    0.00143288    0.00303556      0.999994     0.0523685
     0.999998    0.00181552   -0.00123702     0.0472682   -0.00182025      0.999991   -0.00383491      0.144729    0.00123005    0.00383715      0.999992     0.0278533
     0.999998    0.00175944  -0.000995773     0.0301688   -0.00176317      0.999991   -0.00375266     0.0646796   0.000989162    0.00375441      0.999992     0.0730434
     0.999998    0.00182217   -0.00110319     0.0256832    -0.0018259      0.999993   -0.00338521    0.00712366    0.00109702    0.00338722      0.999994     0.0686714
     0.999998    0.00172305    -0.0012207     0.0328676   -0.00172778      0.999991   -0.00388222      0.138922      0.001214    0.00388432      0.999992     0.0287513
     0.999998    0.00158434   -0.00128689     0.0352943   -0.00158905      0.999992   -0.00366972     0.0714593    0.00128107    0.00367176      0.999992     0.0601926
     0.999998    0.00162138   -0.00131936     0.0327085   -0.00162624      0.999992   -0.00368345     0.0387006    0.00131338    0.00368558      0.999992     0.0510902
     0.999998    0.00161076   -0.00125662     0.0330702   -0.00161577      0.999991   -0.00399781      0.153128    0.00125017    0.00399983      0.999991      0.039463
     0.999998    0.00160331   -0.00123554      0.029801   -0.00160783      0.999992   -0.00366779     0.0623305    0.00122965    0.00366977      0.999993      0.064655
     0.999997    0.00185181   -0.00136203     0.0274496   -0.00185699      0.999991   -0.00381056     0.0593612    0.00135496    0.00381308      0.999992      0.045274
     0.999997    0.00178215   -0.00149096     0.0224611   -0.00178834       0.99999   -0.00415673      0.187429    0.00148354    0.00415939       0.99999     0.0513464
     0.999998    0.00159807   -0.00123662     0.0208119   -0.00160306      0.999991   -0.00404952     0.0804189    0.00123014    0.00405149      0.999991     0.0654649
     0.999998    0.00172154    -0.0011641      0.026969   -0.00172567      0.999992   -0.00355251     0.0040826    0.00115798    0.00355451      0.999993     0.0691409
     0.999997    0.00174644   -0.00150619     0.0241155   -0.00175287      0.999989   -0.00427731      0.148303     0.0014987    0.00427993       0.99999     0.0375378
     0.999997    0.00168664   -0.00186441     0.0189544   -0.00169498      0.999989   -0.00448435      0.126162    0.00185683     0.0044875      0.999988     0.0357443
     0.999996    0.00181785   -0.00197742     0.0271176   -0.00182486      0.999992   -0.00354649    -0.0051929    0.00197095    0.00355009      0.999992     0.0367197
     0.999996     0.0017785   -0.00197083     0.0301493    -0.0017852      0.999993   -0.00340377     0.0659252    0.00196476    0.00340728      0.999992     0.0190061
     0.999996     0.0018795   -0.00191457     0.0307778   -0.00188659      0.999991   -0.00370789      0.170876    0.00190759    0.00371149      0.999991     0.0219355
     0.999996    0.00193465    -0.0020261     0.0379028   -0.00194194      0.999992   -0.00360283     0.0909241    0.00201911    0.00360676      0.999991     0.0509774
     0.999996    0.00190551   -0.00210444     0.0324341   -0.00191342      0.999991   -0.00376111      0.107359    0.00209726    0.00376512      0.999991     0.0199597
     0.999997    0.00169542   -0.00194794     0.0376852   -0.00170394      0.999989   -0.00437935      0.174959    0.00194049    0.00438265      0.999989     0.0151896
     0.999996    0.00200006   -0.00202414      0.040979   -0.00200785      0.999991   -0.00385474     0.0414001    0.00201641    0.00385878      0.999991      0.060146
     0.999996    0.00210313   -0.00207194     0.0382461   -0.00211094      0.999991    -0.0037747     0.0650299    0.00206398    0.00377906      0.999991     0.0390715
     0.999996    0.00188135   -0.00204866     0.0352727   -0.00189051      0.999988   -0.00447707      0.187901    0.00204021    0.00448093      0.999988     0.0316878
     0.999996    0.00188742   -0.00224101     0.0330679   -0.00189658       0.99999   -0.00409519     0.0578089    0.00223326    0.00409943      0.999989     0.0745051
     0.999995    0.00217519   -0.00229036     0.0288785   -0.00218378      0.999991    -0.0037563      0.033148    0.00228217    0.00376128       0.99999     0.0525709
     0.999996    0.00198635   -0.00210426     0.0290515    -0.0019951      0.999989   -0.00416275      0.151272    0.00209597    0.00416693      0.999989     0.0227684
     0.999996    0.00200061   -0.00223008     0.0293436   -0.00200867      0.999991   -0.00361489     0.0477855    0.00222283    0.00361935      0.999991     0.0474272
     0.999995    0.00207526   -0.00219559     0.0308389   -0.00208303      0.999992   -0.00354407     0.0499197    0.00218822    0.00354863      0.999991      0.047554
     0.999995    0.00210592   -0.00217224     0.0328833   -0.00211512      0.999989    -0.0042419      0.187885    0.00216328    0.00424648      0.999989     0.0225417
     0.999995    0.00211154   -0.00222398     0.0348162   -0.00212009       0.99999   -0.00384666      0.127593    0.00221584    0.00385135       0.99999     0.0475824
     0.999992    0.00293886   -0.00261716     0.0459693    -0.0029466      0.999991   -0.00295683      0.167755    0.00260844    0.00296452      0.999992     0.0340047
     0.999995    0.00238798   -0.00206989     0.0430684   -0.00239468      0.999992   -0.00323815      0.255047    0.00206214    0.00324309      0.999993     0.0197867
     0.999995    0.00229314   -0.00206935      0.045968   -0.00229916      0.999993   -0.00290986      0.122909    0.00206266     0.0029146      0.999994     0.0279151
     0.999995    0.00250628   -0.00207642     0.0413733   -0.00251409       0.99999    -0.0037654      0.146221    0.00206697     0.0037706      0.999991    0.00457439
     0.999995    0.00233652    -0.0022081     0.0392737   -0.00234595      0.999988   -0.00427895      0.208192    0.00219808    0.00428411      0.999988   -0.00915918
     0.999995    0.00233712   -0.00214286     0.0474447   -0.00234503       0.99999   -0.00369569     0.0601078     0.0021342     0.0037007      0.999991     0.0114834
     0.999995    0.00253947   -0.00206251     0.0526596   -0.00254704       0.99999   -0.00367161      0.102975    0.00205316    0.00367685      0.999991    -0.0155502
     0.999995    0.00251906   -0.00203163     0.0522847   -0.00252709      0.999989   -0.00396021      0.186284    0.00202163    0.00396532       0.99999     -0.018105
     0.999994    0.00255817   -0.00221471     0.0513795   -0.00256599       0.99999   -0.00353587     0.0953968    0.00220564    0.00354153      0.999991   -0.00317993
     0.999994    0.00260504   -0.00218368     0.0478657   -0.00261356      0.999989   -0.00390849      0.181637    0.00217348    0.00391418       0.99999    -0.0285686
     0.999994    0.00246192   -0.00230892     0.0452678   -0.00247245      0.999987   -0.00456986      0.247204    0.00229764    0.00457555      0.999987    -0.0220573
     0.999994    0.00262901   -0.00234698     0.0481882   -0.00263821      0.999989   -0.00392577     0.0920333    0.00233663    0.00393194       0.99999     0.0151161
     0.999994    0.00256211    -0.0023467     0.0509581   -0.00257182      0.999988   -0.00414406      0.145766    0.00233605    0.00415007      0.999989    -0.0183637
     0.999994    0.00239443   -0.00241832     0.0504773   -0.00240593      0.999986   -0.00476432      0.203536    0.00240688    0.00477011      0.999986   -0.00315791
     0.999994    0.00262261   -0.00247027     0.0498674   -0.00263273      0.999988   -0.00410058     0.0659371    0.00245948    0.00410705      0.999989     0.0361169
     0.999994    0.00259933   -0.00235444     0.0440936   -0.00260932      0.999988   -0.00424891      0.164283    0.00234336    0.00425503      0.999988    0.00292427
     0.999994    0.00236209   -0.00256098     0.0500734   -0.00237315      0.999988   -0.00432279      0.189468    0.00255074    0.00432884      0.999987     0.0368755
     0.999994    0.00255408   -0.00253051     0.0498408   -0.00256216      0.999992   -0.00319508     0.0899781    0.00252232    0.00320154      0.999992     0.0553856
     0.999994    0.00246651   -0.00245557     0.0482465   -0.00247537       0.99999   -0.00360941      0.205775    0.00244665    0.00361547       0.99999      0.011912
     0.999994     0.0024689   -0.00252013     0.0514732   -0.00247717      0.999992   -0.00328447      0.136622      0.002512    0.00329069      0.999991     0.0343496
     0.999994    0.00262174   -0.00225577     0.0460593   -0.00263047      0.999989   -0.00387416      0.146428    0.00224559    0.00388007       0.99999     0.0174132
     0.999995    0.00249171   -0.00215302     0.0546405   -0.00250045      0.999989   -0.00406872      0.227361    0.00214286    0.00407409      0.999989     0.0238572
     0.999994    0.00254998   -0.00224335     0.0455563   -0.00255794       0.99999   -0.00355415     0.0893346    0.00223427    0.00355987      0.999991     0.0450584
     0.999994    0.00249156    -0.0023008     0.0416453   -0.00250127      0.999988   -0.00422821      0.182435    0.00229024    0.00423394      0.999988      0.011829
     0.999994    0.00230707   -0.00239763     0.0483072   -0.00231723      0.999988   -0.00424433      0.191422    0.00238781    0.00424986      0.999988     0.0362858
     0.999994    0.00249993   -0.00238434     0.0454453   -0.00250825      0.999991   -0.00349445     0.0546947    0.00237558    0.00350041      0.999991     0.0548402
     0.999994    0.00262731   -0.00224382     0.0524559   -0.00263561       0.99999   -0.00370381      0.166858    0.00223406     0.0037097      0.999991   -0.00993365
     0.999994    0.00243339   -0.00235428     0.0585199   -0.00244162      0.999991   -0.00349734      0.140084    0.00234575    0.00350307      0.999991    0.00925477
     0.999992    0.00309071    -0.0025323     0.0413295   -0.00309973      0.999989   -0.00356763      0.045522    0.00252124    0.00357546       0.99999    -0.0116956
     0.999993    0.00306146   -0.00234211     0.0468047   -0.00307102      0.999987   -0.00409066      0.192244    0.00232955    0.00409783      0.999989    -0.0478276
     0.999993    0.00276869   -0.00249292     0.0262169   -0.00277825      0.999989   -0.00384054      0.124849    0.00248226    0.00384744       0.99999    -0.0019182
     0.999992    0.00280982   -0.00274316     0.0292104   -0.00281982      0.999989   -0.00364837     0.0639161    0.00273287    0.00365608       0.99999    0.00124518
     0.999993    0.00280668   -0.00261539     0.0339962   -0.00281755      0.999987   -0.00416031      0.205618    0.00260368    0.00416765      0.999988    -0.0209637
     0.999993    0.00270264   -0.00259983      0.037152    -0.0027128      0.999989   -0.00391082      0.129615    0.00258923    0.00391784      0.999989    -0.0148464
     0.999992    0.00291496   -0.00267795     0.0375669   -0.00292449      0.999989   -0.00356272     0.0453775    0.00266754    0.00357052       0.99999    -0.0264811
     0.999993    0.00290129   -0.00254358     0.0331821   -0.00291182      0.999987   -0.00414609      0.201746    0.00253152    0.00415347      0.999988    -0.0617312
     0.999993    0.00240218   -0.00271721      0.038086   -0.00241358      0.999988   -0.00419907      0.205865    0.00270709     0.0042056      0.999987    -0.0406208
     0.999994    0.00210292   -0.00262738     0.0387398   -0.00211219      0.999992   -0.00353153     0.0655497    0.00261993    0.00353706       0.99999      0.013379
     0.999992    0.00306268   -0.00254323     0.0314879   -0.00307296      0.999987   -0.00404699      0.118961     0.0025308    0.00405477      0.999989     0.0116914
     0.999994    0.00291479   -0.00172934     0.0443407   -0.00292308      0.999984   -0.00481576      0.246852    0.00171527    0.00482078      0.999987     0.0206071
     0.999994     0.0029854   -0.00192568     0.0463503   -0.00299478      0.999984   -0.00488632      0.119925    0.00191106    0.00489205      0.999986     0.0677528
     0.999993    0.00307408   -0.00189827     0.0421732   -0.00308258      0.999985   -0.00449139     0.0642186    0.00188443    0.00449722      0.999988     0.0726949
     0.999994    0.00287573   -0.00210451     0.0424809   -0.00288611      0.999984   -0.00494824      0.200542    0.00209025    0.00495429      0.999986     0.0304555
     0.999993    0.00293037   -0.00243188     0.0477018   -0.00294235      0.999983   -0.00493872      0.184017    0.00241736    0.00494584      0.999985     0.0271536
     0.999993    0.00297023   -0.00215867      0.052841   -0.00297961      0.999986    -0.0043528     0.0813758    0.00214571     0.0043592      0.999988     0.0299569
     0.999994    0.00283396   -0.00217558     0.0577858   -0.00284472      0.999984   -0.00496007      0.196968    0.00216149    0.00496622      0.999985    0.00200487
     0.999993     0.0031527   -0.00205469     0.0710594   -0.00316249      0.999984   -0.00478168      0.171348    0.00203958    0.00478814      0.999986     0.0406398
     0.999993    0.00295981   -0.00207206     0.0668025   -0.00296931      0.999985   -0.00459766     0.0670503    0.00205842    0.00460378      0.999987        0.0443
     0.999993    0.00299917   -0.00218324     0.0626199    -0.0030106      0.999982   -0.00524845      0.202688    0.00216746    0.00525499      0.999984    0.00237399
     0.999994    0.00285608   -0.00205033     0.0612365   -0.00286571      0.999985   -0.00471143      0.108174    0.00203685    0.00471727      0.999987     0.0310313
     0.999995    0.00259335   -0.00166086      0.073207   -0.00260088      0.999986   -0.00454337     0.0584342    0.00164906    0.00454767      0.999988     0.0474003
     0.999994     0.0030132    -0.0019391     0.0713525    -0.0030233      0.999982   -0.00522913      0.211375    0.00192331    0.00523496      0.999984     0.0145157
     0.999993    0.00312291    -0.0018472     0.0809959   -0.00313196      0.999983   -0.00491465      0.125144    0.00183182    0.00492041      0.999986     0.0453622
     0.999992    0.00343281    -0.0020664      0.081123   -0.00344237      0.999983   -0.00464165      0.054478    0.00205043    0.00464873      0.999987     0.0441138
     0.999992    0.00338813   -0.00194161     0.0758214   -0.00339841       0.99998   -0.00531931       0.19825    0.00192355    0.00532587      0.999984     0.0193866
     0.999993    0.00324806   -0.00200112     0.0712347   -0.00325799      0.999982   -0.00498027      0.135973    0.00198491    0.00498675      0.999986      0.045625
     0.999992     0.0034066   -0.00207506     0.0714299   -0.00341633      0.999983   -0.00470565      0.071713    0.00205899    0.00471271      0.999987     0.0480413
     0.999992    0.00340671    -0.0018822     0.0592063   -0.00341649      0.999981   -0.00521628      0.213786     0.0018644    0.00522267      0.999985     0.0150176
     0.999993    0.00317838   -0.00183603     0.0440252   -0.00318809      0.999981   -0.00531035      0.190369    0.00181912    0.00531617      0.999984     0.0124201
     0.999992    0.00335797   -0.00200997      0.050625    -0.0033674      0.999983   -0.00470517     0.0310194    0.00199413    0.00471191      0.999987     0.0212867
     0.999991    0.00363413   -0.00199305     0.0477921   -0.00364437       0.99998   -0.00515899      0.135461    0.00197426    0.00516621      0.999985    -0.0045411
     0.999991    0.00361799   -0.00217517     0.0460993   -0.00362989      0.999978   -0.00549074      0.199928    0.00215526    0.00549858      0.999983     0.0040224
     0.999991    0.00362748   -0.00225892     0.0432397   -0.00363823      0.999982   -0.00477637     0.0685106    0.00224155    0.00478455      0.999986     0.0429661
      0.99999    0.00364825   -0.00239011     0.0508456   -0.00365982      0.999982   -0.00485556      0.139314    0.00237235    0.00486426      0.999985   0.000196805
     0.999991    0.00355016   -0.00236443     0.0488966   -0.00356211      0.999981   -0.00507092      0.164665    0.00234639     0.0050793      0.999984     0.0109053
      0.99999    0.00367655    -0.0025685     0.0521799   -0.00368794      0.999983   -0.00444378     0.0226518    0.00255212     0.0044532      0.999987     0.0256349
     0.999991    0.00331305   -0.00255633     0.0529762   -0.00332503      0.999983   -0.00469354      0.104402    0.00254074      0.004702      0.999986     0.0149388
     0.999992    0.00322568   -0.00231046     0.0518888   -0.00323805       0.99998   -0.00537303       0.18512    0.00229308    0.00538047      0.999983     0.0052501
     0.999991    0.00344194   -0.00230728     0.0501444   -0.00345282      0.999983   -0.00472748      0.075059    0.00229097    0.00473541      0.999986     0.0280044
     0.999991    0.00344336   -0.00227425     0.0373906   -0.00345395      0.999983   -0.00466901      0.138879    0.00225813    0.00467683      0.999987     0.0238281
     0.999991    0.00335341   -0.00240812     0.0410613   -0.00336559      0.999981   -0.00507046      0.199622    0.00239107    0.00507852      0.999984     0.0338415
     0.999991     0.0033549   -0.00249743     0.0392389   -0.00336599      0.999984   -0.00444901     0.0790232    0.00248247    0.00445737      0.999987     0.0589285
     0.999992    0.00325124   -0.00252534    0.00863394   -0.00326295      0.999984   -0.00464627      0.147778     0.0025102    0.00465447      0.999986     0.0180589
      0.99999    0.00336233   -0.00283383      0.016359   -0.00337514      0.999984   -0.00452588      0.211608    0.00281856     0.0045354      0.999986  -5.06259e-05
      0.99999    0.00348347   -0.00280764      0.032125   -0.00349298      0.999988   -0.00339063      0.105029    0.00279579     0.0034004       0.99999     0.0293504
      0.99999     0.0036288   -0.00258124      0.029322   -0.00363757      0.999988   -0.00340027     0.0969172    0.00256887    0.00340963      0.999991     0.0374737
      0.99999    0.00353468   -0.00272184     0.0290203   -0.00354695      0.999984   -0.00451629      0.203136    0.00270583     0.0045259      0.999986    0.00730284
     0.999991    0.00348368   -0.00256758     0.0333236   -0.00349421      0.999985   -0.00410732      0.115546    0.00255324    0.00411626      0.999988     0.0458663
     0.999993    0.00321768   -0.00178819     0.0621599   -0.00322486      0.999987    -0.0040266     0.0677553    0.00177521    0.00403234       0.99999     0.0439821
     0.999993    0.00332651   -0.00194005     0.0673482   -0.00333543      0.999984   -0.00461521      0.201247    0.00192467    0.00462164      0.999987     0.0135757
     0.999991    0.00353062   -0.00233192     0.0536576   -0.00354047      0.999985   -0.00423307      0.129789    0.00231694    0.00424129      0.999988     0.0390663
     0.999991     0.0035683   -0.00229692     0.0535383   -0.00357787      0.999985   -0.00417515     0.0979056    0.00228199    0.00418333      0.999989     0.0257569
     0.999991    0.00353312   -0.00229098     0.0457037   -0.00354455      0.999981   -0.00500243      0.266724    0.00227326     0.0050105      0.999985    0.00379005
      0.99999    0.00356462   -0.00258323     0.0348688   -0.00357612      0.999984   -0.00446238      0.155604    0.00256729    0.00447158      0.999987     0.0268775
      0.99999    0.00387322   -0.00243906     0.0396933   -0.00388037      0.999988   -0.00293448    -0.0204802    0.00242767    0.00294391      0.999993     0.0223391
      0.99999    0.00391441   -0.00195806     0.0521408   -0.00391841       0.99999   -0.00204318      0.118631    0.00195004    0.00205084      0.999996    -0.0055793
     0.999992    0.00359563   -0.00197391     0.0472356   -0.00360123      0.999989   -0.00284201      0.139846    0.00196367    0.00284909      0.999994     0.0253254
      0.99999    0.00392875   -0.00196012      0.029371   -0.00393345      0.999989   -0.00240177     0.0737522    0.00195066    0.00240945      0.999995     0.0591636
     0.999991    0.00388201   -0.00146603     0.0164489   -0.00388568      0.999989   -0.00250947      0.249888    0.00145628    0.00251515      0.999996     0.0120569
      0.99999    0.00397952   -0.00188867    0.00967216   -0.00398386      0.999989   -0.00229688      0.225308    0.00187951    0.00230438      0.999996    0.00422452
     0.999987    0.00442506   -0.00238934     0.0330816   -0.00443077      0.999987    -0.0023925      0.165721    0.00237872    0.00240306      0.999994  -0.000777174
     0.999987    0.00435927    -0.0027118     0.0283045   -0.00436792      0.999985   -0.00318974      0.267341    0.00269786    0.00320155      0.999991   -0.00499179
     0.999989    0.00410467   -0.00239667     0.0337268   -0.00411203      0.999987   -0.00307242      0.142713    0.00238403    0.00308224      0.999992     0.0302634
     0.999989    0.00411835   -0.00215371     0.0241675   -0.00412654      0.999984   -0.00380957     0.0946735    0.00213799    0.00381842       0.99999     0.0531366
